299 101
297 117
296 133
296 149
299 165
306 179
316 193
328 205
343 211
360 210
377 203
392 193
406 182
415 168
419 152
424 137
428 121
309 86
318 79
329 77
341 78
351 84
370 86
383 84
396 86
408 92
415 102
359 101
357 112
355 122
353 132
341 139
346 142
351 145
358 144
365 143
320 99
328 97
336 98
341 103
334 103
326 102
377 108
385 105
393 107
399 111
392 112
385 111
325 157
333 151
344 151
351 154
360 154
370 158
379 168
368 178
357 181
348 180
339 177
330 170
328 158
343 157
350 159
359 160
376 167
358 172
349 171
341 169
